277
92198
41486
64997
23680
59098
39244
61569
55497
91609
46172
46191
35922
60162
66054
29407
81334
3087
10972
39881
62063
26891
14377
76046
95543
52785
63365
23495
90604
64546
5450
46989
77549
65538
71841
98148
59809
42160
20821
10884
52439
62625
96714
92133
69863
49175
48422
79462
33367
33603
53709
78266
24539
25300
92267
74865
31956
91610
78025
9182
50136
77660
80739
490
61618
93010
58481
52916
93376
52832
10561
87939
8891
60240
68101
28490
40468
89835
76072
21462
17049
1203
51100
97079
76566
94624
16816
55528
63673
89045
23325
83261
46446
67806
54239
55145
33161
61481
66881
1641
96129
67550
47281
92977
78329
76860
5075
44336
44955
33009
39569
89346
97598
20437
89583
19858
3430
85316
84124
59466
13226
84502
72517
6201
72720
4221
2852
98399
94037
63898
15894
3064
24777
26141
5451
30402
86454
45527
31926
96045
31458
77149
14211
25791
72938
20347
87848
71169
1006
9011
62740
62249
15340
90321
39365
3524
23620
46412
1334
89312
6458
54267
38069
5459
75514
43921
88594
64012
27158
10550
67923
33748
59595
30852
14948
49280
68194
93307
14604
92566
146
55937
28059
62394
33442
95834
12768
19220
97836
20799
19575
4127
29213
33022
45023
87312
62778
17358
74730
45569
78428
91342
41741
26265
13180
19225
71479
73690
3817
48935
73503
50663
62294
51651
1430
63472
46897
86500
33627
40411
60174
12075
43693
59985
322
12184
63611
95586
21899
87145
952
64214
34733
52369
39178
46449
94295
2928
65377
9633
93636
31284
89509
66535
12062
5612
4968
33504
9277
54533
48858
65935
84844
43811
80987
1993
22412
78206
79020
21533
50450
16854
54750
42174
39212
29844
95148
18510
24226
59262
52805
18312
34775
6519
78785
746
39150
26129
2837
45086
93705
24591
46017
15363
80300
66236
21414
19389
7104
16354
61237
59637
95508
76168
71779
78350
48702
82763
8280
60358
87391
10519
69383
30788
9253
64802
85432
59717
86282
83749
43777
3485
76537
85432
44947
43564
93393
69737
50224
25054
22113
83737
53179
69503
57587
5107
52936
56442
16806
18921
77778
87916
2260
28845
84171
1513
95698
94569
52686
75946
42966
22780
71856
8306
8114
38514
88277
64892
42238
91070
68063
47779
48308
43863
38402
86285
42389
52012
58963
70133
91561
74212
48414
30803
676
88374
86742
78219
9092
36418
60967
58639
70550
82891
20231
5009
87256
87154
87051
19400
66777
57872
58455
4222
74077
783
39661
70549
31101
8870
87879
92692
33035
3375
28735
77298
66866
79398
41611
24317
97788
56544
16742
85478
20526
25445
62441
82573
75662
87916
85337
92069
55205
78706
82874
81732
14111
90999
46114
86538
62030
18517
15464
67403
10926
58621
99162
47002
37700
67920
71982
86579
56000
70871
59184
62917
98594
84383
90107
81147
61337
31860
76195
45126
69861
69529
57806
88297
94
62370
71363
89056
16334
13774
67642
38637
71161
75940
27891
25504
75197
904
16515
88291
75316
70490
32105
96799
40214
69004
33695
78543
51228
606
38508
54335
52767
94872
4662
25920
44863
78083
72853
53227
64128
46692
54018
21999
84366
2102
40206
94041
2177
24195
26095
78367
60731
12255
26517
64201
80974
46017
62523
66588
58172
19550
59769
38244
12374
59908
1815
83966
45765
1968
69403
98399
81991
13260
4387
33348
63345
62056
84911
88440
79348
27892
70101
58779
20314
81752
35640
10069
20207
69713
56755
11991
51644
87784
8654
42345
37134
49935
42195
21334
28789
98171
21979
38577
96265
86457
46274
36770
27847
16079
32153
34832
74457
40880
17274
86189
17492
34010
33365
97913
66843
58704
27817
3284
53761
68687
82863
69027
28651
24528
42064
1309
97299
43001
41527
55923
15977
95712
1793
38843
54676
8253
2961
65592
74774
32682
89600
80807
17102
57529
14225
85287
74743
57267
27171
14982
99086
44649
2975
42309
41521
55320
73586
17127
39778
16542
31124
22811
7915
29171
62022
65379
42395
4711
48411
95681
77166
66358
9037
64189
57579
85226
3984
33205
27559
55821
3492
45250
21448
45032
63332
52962
93700
18461
30331
51976
56647
42910
2358
61404
75794
51561
11508
51760
97857
90497
25915
11936
50437
40489
84548
484
560
59519
68214
76822
14960
97906
48208
99707
71858
23810
67296
5712
99912
34483
34833
97011
97029
57453
9665
842
36292
59315
79344
83027
64361
52414
25140
6410
95391
85974
90090
52144
75809
77036
9735
97342
7444
29943
71212
17926
48977
77737
83064
95874
26529
42701
93527
36508
128
40831
44440
90201
9860
85896
60509
14883
59063
77108
58347
89937
42560
80850
84801
39093
67073
56647
92966
35074
71577
19247
1403
78775
56905
28658
65615
71725
2195
23039
11985
25625
42782
12744
12512
58110
79478
60729
61887
9842
19313
29462
356
13291
98604
3568
91439
94118
11508
68867
8088
56532
83809
16719
64577
81154
11997
97297
70283
9955
15330
54270
8484
700
77152
43483
2205
11787
47838
67388
314
70645
5400
97175
91043
23275
28487
26308
62296
56312
56383
72244
65889
13642
53906
71434
4387
38170
75121
59418
95982
76858
71154
36029
85971
65818
25549
55950
55891
82742
7744
24580
45427
74368
81427
3085
56652
8165
37270
6499
76318
44383
31238
62061
28644
2263
10478
69781
96995
12116
234
91585
69117
51652
13575
96304
86018
46502
45254
98323
64838
11890
82016
80838
10765
6
34340
94346
9986
74317
22267
71200
19943
33422
22604
73188
71687
239
30715
46627
90567
81123
75692
66586
28220
2839
10373
28108
1174
17781
54258
39904
49305
15923
92962
32021
58860
27836
3791
70435
34826
50488
22939
52528
82774
95194
35253
64427
17484
37478
66811
53736
74931
44733
47290
3864
78190
44934
70544
15397
87537
83035
92403
3015
80177
22029
99466
19814
38228
14005
70297
86124
14632
88729
92090
77574
55216
76470
72358
7959
80280
45552
47412
81977
74185
61139
52280
22449
79864
11749
88461
35341
84793
45451
74253
52669
67602
73173
96348
87628
32458
33126
50437
93273
83840
56515
81148
29494
4471
73592
49347
40156
85135
4737
61288
42665
34895
59836
33228
63352
11070
11945
38430
49851
50930
61082
64805
54998
60352
81597
52412
81019
75793
52707
84952
59486
68725
63820
81350
44853
7217
59537
28559
86670
13876
86926
48733
35405
22760
49450
13783
30816
10180
68420
96072
75328
57246
88284
61374
26150
43006
69243
23343
58344
62573
20864
