52118
72751
34508
10343
9818
33078
24162
11000
38543
48897
90861
32458
73302
56824
47577
17330
72543
39518
27630
21740
77392
56146
65347
31332
31037
35489
11153
25570
35991
45926
43299
69520
53890
90240
42153
36873
69789
32174
13036
86079
61318
46473
32124
69993
37750
64990
13029
9863
75048
25894
72511
84692
37368
83652
76996
47719
56134
97371
11709
64870
51289
50634
94422
34663
31104
42277
7632
29508
55732
1008
70901
16443
40761
55738
81510
3007
45731
1076
62064
20894
91286
34605
19965
77232
86245
4427
20678
4345
17084
49928
61254
23003
47609
69799
42058
53723
33205
94929
56421
60717
16257
51632
29344
72127
24363
20584
42894
10400
56736
46573
45214
75339
18507
54661
99178
81748
47100
53946
58188
40781
34212
42556
96783
82549
95324
40305
61315
49182
15141
84122
78571
1497
29226
65347
11697
18785
73281
10214
68570
91712
86801
59774
37331
73730
24142
10563
85578
7636
67583
97734
76986
85208
79585
72042
67998
71976
22884
3261
44006
56613
25267
59314
48199
33883
63569
99741
45037
84050
78719
80106
11020
44692
4346
60378
91732
97366
10369
35802
12003
78085
5652
48866
40948
93774
31511
14823
14837
11465
57750
56894
76566
4355
53123
31406
76253
89287
75324
95824
15959
49065
57287
81766
92489
42191
4479
11605
10052
21563
98792
56096
2295
79001
49341
58370
70271
8034
99052
24232
21145
47211
38711
6793
86359
72205
31739
48450
91217
67057
23085
59794
81139
47224
21888
77583
59957
99268
41955
50436
84104
13415
87720
67560
50923
26374
14304
32923
50845
37705
89185
20095
66158
83330
4937
57201
47246
32567
87228
24643
7815
11566
46602
44887
39910
91860
98860
98810
23315
14473
64620
15354
84259
97388
9412
24613
96099
95775
91743
72608
72789
26902
27644
30753
72247
2242
72786
81418
20830
56148
24685
44291
36226
22352
35861
40562
59731
91024
35119
30649
75177
97553
85373
54924
21721
56383
65601
75661
89859
74072
37632
74342
78312
11103
71457
43778
15897
49951
7572
16905
7915
51065
77711
90135
15783
55501
63316
96375
65566
9441
55342
73185
66841
53105
3674
50221
24622
55347
8259
6610
74222
53157
99750
35232
42524
94070
58804
39926
344
26157
97557
23137
66457
30010
10601
62994
38234
88887
35529
69531
12971
82971
70765
58342
11176
89019
85703
70929
51526
29277
33229
32169
58090
78586
468
70658
61684
97263
85175
70385
76984
2785
57495
45927
92557
63658
509
38346
26302
31492
29978
21585
26975
16721
25455
31995
8954
91557
75817
8813
87942
93777
37348
27687
98329
78604
6416
68769
58036
76383
14961
51847
12093
3950
99808
13678
49706
92958
25103
34354
56537
45640
14794
75310
59260
31896
75961
21046
3986
47234
81122
28500
98481
89186
35595
10654
48895
58766
6717
41456
92097
83354
4868
86636
82186
25031
69906
38218
10132
96842
28324
49533
66381
62357
37309
2468
23721
14532
57486
34826
10773
78502
7479
30235
74604
45381
45510
11811
63202
62484
92574
60804
91517
57076
9940
33363
67524
15074
16435
98512
31824
84225
6079
95521
74719
78848
97430
88106
21383
63912
19923
49578
87303
75301
17676
29941
56249
14734
44219
79562
15460
66354
12729
61200
71055
92320
36006
55474
25199
83827
5542
61652
58337
74136
55589
97584
35699
61662
53339
27634
39932
73689
62987
61868
13068
9587
55493
83958
50942
74800
45547
88454
42571
4924
79313
74089
36408
43059
27549
18427
40239
51980
75726
70376
25355
2019
62906
75775
73324
70338
81199
80304
95435
107
94043
59650
63176
94788
10182
31091
92191
64576
15165
33805
3096
97542
2410
95681
59038
81920
47294
30179
25479
27938
98353
84226
90034
61333
3137
93826
65680
15679
16246
59256
65016
8209
17734
74849
22270
77293
16020
12032
93470
61553
89458
14034
42322
55588
38536
74735
5924
77724
93101
66783
15805
60490
46034
38166
63323
75107
7774
35854
42625
40395
66132
92415
92552
41632
97361
57374
9011
7457
21201
24335
61633
70329
83377
79016
5212
73547
86063
93028
89358
219
24813
21153
43859
52599
86805
71191
36137
82657
17686
3637
84068
68954
1869
3609
54494
19436
49951
28747
73067
26291
10050
87478
53067
88490
32828
2629
73689
69646
10915
86038
35200
88177
10179
89790
61070
32861
66046
3225
55680
90850
17677
41707
64412
26974
73861
48184
98718
72872
43893
10013
90090
46137
80108
59817
40224
51352
62519
70363
86414
8449
68264
76441
74943
62929
64370
99018
38257
55376
16080
53073
13860
7835
3878
13830
64879
15373
23776
68851
76204
76489
99446
74536
74484
81607
85105
98331
39141
17496
2823
7487
30047
38424
74626
7552
70702
56208
6687
49049
97090
89988
51633
35474
51258
57663
54726
11065
48351
86745
17730
6011
60205
35523
40871
27903
75692
9103
3894
21216
94493
18686
15727
73221
80303
15239
53941
27967
98610
48833
49229
19582
4771
26478
94852
64624
24133
26436
96400
74744
51153
9208
26255
77382
45668
18569
82252
80024
94167
92966
6080
80557
27532
1534
20756
9922
67332
70851
21477
8843
97837
74649
80736
24047
28505
99936
2541
40576
19690
23931
57385
16438
22889
83421
78411
64936
34261
10064
86952
93382
9785
20065
41713
54197
6967
64363
79034
27464
54400
17374
74422
24951
10725
84364
67934
88895
58855
30096
72016
38326
18027
76763
1140
25800
14026
63420
9850
51
81413
28171
89695
23484
99125
4787
33359
11213
51904
36762
44612
75339
40904
98638
18412
8631
23133
92877
86633
19905
56403
34673
16465
30724
53294
534
15190
86083
29786
79689
1376
76126
81783
46128
59574
33584
50737
53424
70204
51304
21261
5278
6646
31713
15168
27462
86283
45504
44954
50033
1157
26251
50943
20183
35284
83265
52342
43777
25490
79417
15419
18873
64289
8442
14863
7920
11217
72660
98191
27884
39134
99546
69826
98157
33430
49373
27787
66842
7223
94022
25439
14988
8119
44143
98576
97718
21213
97150
9064
86991
36397
83423
73202
18303
47042
5149
61713
85794
87699
58493
69364
87035
61623
5880
41729
48920
38085
33106
16654
16990
20981
65019
6800
70353
79458
38370
89450
94434
6244